accuracy_list=  [0.9706000000000001, 0.9776, 0.9751000000000001, 0.9795, 0.9682000000000001, 0.9721000000000002, 0.9732000000000001, 0.9767, 0.9792000000000001, 0.9771]
test_accuracylist=  [0.9639000000000001, 0.9684, 0.9493, 0.9687, 0.8971000000000001, 0.9519000000000001, 0.36490000000000006, 0.8311000000000002, 0.7188, 0.9310000000000003]
cost_list=  [0.21587127828076483, 0.1948724713910371, 0.1959819827372208, 0.18760530409384518, 0.25935892664995047, 0.24304548811707646, 0.20862055972162635, 0.20167332127857954, 0.19953170026270672, 0.21178947806525975]

